%T(K)	B(T)	RRR	rho(ohm*m)
0	0	100	1.56869E-10
20	0	100	1.65069E-10
40	0	100	3.78169E-10
60	0	100	1.13887E-09
80	0	100	2.33097E-09
100	0	100	3.71197E-09
120	0	100	5.14837E-09
140	0	100	6.58607E-09
160	0	100	8.00647E-09
180	0	100	9.40517E-09
200	0	100	1.07829E-08
220	0	100	1.21419E-08
240	0	100	1.34848E-08
260	0	100	1.4814E-08
280	0	100	1.61316E-08
300	0	100	1.74395E-08
320	0	100	1.8739E-08
340	0	100	2.00314E-08
360	0	100	2.13177E-08
380	0	100	2.25988E-08
400	0	100	2.38752E-08
420	0	100	2.51477E-08
440	0	100	2.64168E-08
460	0	100	2.76828E-08
0	1	100	2.03988E-10
20	1	100	2.12192E-10
40	1	100	4.25343E-10
60	1	100	1.18607E-09
80	1	100	2.37818E-09
100	1	100	3.75918E-09
120	1	100	5.19558E-09
140	1	100	6.63328E-09
160	1	100	8.05368E-09
180	1	100	9.45238E-09
200	1	100	1.08301E-08
220	1	100	1.21891E-08
240	1	100	1.3532E-08
260	1	100	1.48612E-08
280	1	100	1.61788E-08
300	1	100	1.74867E-08
320	1	100	1.87862E-08
340	1	100	2.00786E-08
360	1	100	2.13649E-08
380	1	100	2.2646E-08
400	1	100	2.39224E-08
420	1	100	2.51949E-08
440	1	100	2.6464E-08
460	1	100	2.773E-08
0	2	100	2.50919E-10
20	2	100	2.59138E-10
40	2	100	4.72439E-10
60	2	100	1.23324E-09
80	2	100	2.42537E-09
100	2	100	3.80638E-09
120	2	100	5.24278E-09
140	2	100	6.68049E-09
160	2	100	8.10089E-09
180	2	100	9.49959E-09
200	2	100	1.08773E-08
220	2	100	1.22363E-08
240	2	100	1.35792E-08
260	2	100	1.49084E-08
280	2	100	1.6226E-08
300	2	100	1.75339E-08
320	2	100	1.88334E-08
340	2	100	2.01258E-08
360	2	100	2.14121E-08
380	2	100	2.26932E-08
400	2	100	2.39696E-08
420	2	100	2.52421E-08
440	2	100	2.65112E-08
460	2	100	2.77772E-08
0	3	100	2.97663E-10
20	3	100	3.05905E-10
40	3	100	5.19457E-10
60	3	100	1.28039E-09
80	3	100	2.47255E-09
100	3	100	3.85357E-09
120	3	100	5.28998E-09
140	3	100	6.72769E-09
160	3	100	8.14809E-09
180	3	100	9.54679E-09
200	3	100	1.09245E-08
220	3	100	1.22835E-08
240	3	100	1.36264E-08
260	3	100	1.49556E-08
280	3	100	1.62732E-08
300	3	100	1.75811E-08
320	3	100	1.88806E-08
340	3	100	2.0173E-08
360	3	100	2.14593E-08
380	3	100	2.27404E-08
400	3	100	2.40168E-08
420	3	100	2.52893E-08
440	3	100	2.65584E-08
460	3	100	2.78244E-08
0	4	100	3.44219E-10
20	4	100	3.52493E-10
40	4	100	5.66398E-10
60	4	100	1.32751E-09
80	4	100	2.51972E-09
100	4	100	3.90076E-09
120	4	100	5.33717E-09
140	4	100	6.77488E-09
160	4	100	8.19529E-09
180	4	100	9.594E-09
200	4	100	1.09717E-08
220	4	100	1.23307E-08
240	4	100	1.36736E-08
260	4	100	1.50028E-08
280	4	100	1.63204E-08
300	4	100	1.76283E-08
320	4	100	1.89278E-08
340	4	100	2.02202E-08
360	4	100	2.15065E-08
380	4	100	2.27876E-08
400	4	100	2.4064E-08
420	4	100	2.53365E-08
440	4	100	2.66056E-08
460	4	100	2.78716E-08
0	5	100	3.90587E-10
20	5	100	3.98903E-10
40	5	100	6.1326E-10
60	5	100	1.37461E-09
80	5	100	2.56688E-09
100	5	100	3.94793E-09
120	5	100	5.38436E-09
140	5	100	6.82208E-09
160	5	100	8.24249E-09
180	5	100	9.64119E-09
200	5	100	1.10189E-08
220	5	100	1.23779E-08
240	5	100	1.37208E-08
260	5	100	1.505E-08
280	5	100	1.63676E-08
300	5	100	1.76755E-08
320	5	100	1.8975E-08
340	5	100	2.02674E-08
360	5	100	2.15537E-08
380	5	100	2.28348E-08
400	5	100	2.41112E-08
420	5	100	2.53837E-08
440	5	100	2.66528E-08
460	5	100	2.79188E-08
0	6	100	4.36767E-10
20	6	100	4.45135E-10
40	6	100	6.60045E-10
60	6	100	1.42168E-09
80	6	100	2.61402E-09
100	6	100	3.9951E-09
120	6	100	5.43154E-09
140	6	100	6.86927E-09
160	6	100	8.28968E-09
180	6	100	9.68839E-09
200	6	100	1.10661E-08
220	6	100	1.24251E-08
240	6	100	1.3768E-08
260	6	100	1.50972E-08
280	6	100	1.64148E-08
300	6	100	1.77227E-08
320	6	100	1.90222E-08
340	6	100	2.03146E-08
360	6	100	2.16009E-08
380	6	100	2.2882E-08
400	6	100	2.41584E-08
420	6	100	2.54309E-08
440	6	100	2.67E-08
460	6	100	2.7966E-08
0	7	100	4.82759E-10
20	7	100	4.91188E-10
40	7	100	7.06751E-10
60	7	100	1.46873E-09
80	7	100	2.66115E-09
100	7	100	4.04227E-09
120	7	100	5.47872E-09
140	7	100	6.91645E-09
160	7	100	8.33687E-09
180	7	100	9.73558E-09
200	7	100	1.11133E-08
220	7	100	1.24723E-08
240	7	100	1.38152E-08
260	7	100	1.51444E-08
280	7	100	1.6462E-08
300	7	100	1.77699E-08
320	7	100	1.90694E-08
340	7	100	2.03618E-08
360	7	100	2.16481E-08
380	7	100	2.29292E-08
400	7	100	2.42056E-08
420	7	100	2.54781E-08
440	7	100	2.67472E-08
460	7	100	2.80132E-08
0	8	100	5.28564E-10
20	8	100	5.37063E-10
40	8	100	7.5338E-10
60	8	100	1.51575E-09
80	8	100	2.70827E-09
100	8	100	4.08942E-09
120	8	100	5.52589E-09
140	8	100	6.96363E-09
160	8	100	8.38405E-09
180	8	100	9.78277E-09
200	8	100	1.11605E-08
220	8	100	1.25195E-08
240	8	100	1.38624E-08
260	8	100	1.51916E-08
280	8	100	1.65092E-08
300	8	100	1.78171E-08
320	8	100	1.91166E-08
340	8	100	2.0409E-08
360	8	100	2.16953E-08
380	8	100	2.29764E-08
400	8	100	2.42528E-08
420	8	100	2.55253E-08
440	8	100	2.67944E-08
460	8	100	2.80604E-08
0	9	100	5.74181E-10
20	9	100	5.82759E-10
40	9	100	7.99931E-10
60	9	100	1.56274E-09
80	9	100	2.75537E-09
100	9	100	4.13656E-09
120	9	100	5.57305E-09
140	9	100	7.0108E-09
160	9	100	8.43124E-09
180	9	100	9.82996E-09
200	9	100	1.12077E-08
220	9	100	1.25667E-08
240	9	100	1.39096E-08
260	9	100	1.52388E-08
280	9	100	1.65564E-08
300	9	100	1.78643E-08
320	9	100	1.91638E-08
340	9	100	2.04562E-08
360	9	100	2.17425E-08
380	9	100	2.30236E-08
400	9	100	2.43E-08
420	9	100	2.55725E-08
440	9	100	2.68416E-08
460	9	100	2.81076E-08
0	10	100	6.1961E-10
20	10	100	6.28277E-10
30	10	100	6.97647E-10
40	10	100	8.46404E-10
60	10	100	1.60971E-09
80	10	100	2.80247E-09
100	10	100	4.1837E-09
120	10	100	5.62021E-09
140	10	100	7.05798E-09
160	10	100	8.47841E-09
180	10	100	9.87714E-09
200	10	100	1.12549E-08
220	10	100	1.26139E-08
240	10	100	1.39568E-08
260	10	100	1.5286E-08
280	10	100	1.66036E-08
300	10	100	1.79115E-08
320	10	100	1.9211E-08
340	10	100	2.05034E-08
360	10	100	2.17897E-08
380	10	100	2.30708E-08
400	10	100	2.43472E-08
420	10	100	2.56197E-08
440	10	100	2.68888E-08
460	10	100	2.81548E-08
0	11	100	6.64852E-10
20	11	100	6.73616E-10
30	11	100	7.43526E-10
40	11	100	8.92799E-10
60	11	100	1.65665E-09
80	11	100	2.84955E-09
100	11	100	4.23083E-09
120	11	100	5.66737E-09
140	11	100	7.10514E-09
160	11	100	8.52559E-09
180	11	100	9.92432E-09
200	11	100	1.1302E-08
220	11	100	1.26611E-08
240	11	100	1.4004E-08
260	11	100	1.53332E-08
280	11	100	1.66508E-08
300	11	100	1.79587E-08
320	11	100	1.92582E-08
340	11	100	2.05506E-08
360	11	100	2.18369E-08
380	11	100	2.3118E-08
400	11	100	2.43944E-08
420	11	100	2.56669E-08
440	11	100	2.6936E-08
460	11	100	2.8202E-08
0	12	100	7.09906E-10
20	12	100	7.18777E-10
40	12	100	9.39117E-10
60	12	100	1.70356E-09
80	12	100	2.89661E-09
100	12	100	4.27795E-09
120	12	100	5.71451E-09
140	12	100	7.1523E-09
160	12	100	8.57276E-09
180	12	100	9.9715E-09
200	12	100	1.13492E-08
220	12	100	1.27083E-08
240	12	100	1.40512E-08
260	12	100	1.53804E-08
280	12	100	1.6698E-08
300	12	100	1.80059E-08
320	12	100	1.93054E-08
340	12	100	2.05978E-08
360	12	100	2.18841E-08
380	12	100	2.31652E-08
400	12	100	2.44416E-08
420	12	100	2.57141E-08
440	12	100	2.69832E-08
460	12	100	2.82492E-08
0	13	100	7.54771E-10
20	13	100	7.6376E-10
40	13	100	9.85356E-10
60	13	100	1.75045E-09
80	13	100	2.94367E-09
100	13	100	4.32507E-09
120	13	100	5.76165E-09
140	13	100	7.19946E-09
160	13	100	8.61993E-09
180	13	100	1.00187E-08
200	13	100	1.13964E-08
220	13	100	1.27554E-08
240	13	100	1.40984E-08
260	13	100	1.54276E-08
280	13	100	1.67452E-08
300	13	100	1.80531E-08
320	13	100	1.93526E-08
340	13	100	2.0645E-08
360	13	100	2.19313E-08
380	13	100	2.32124E-08
400	13	100	2.44888E-08
420	13	100	2.57613E-08
440	13	100	2.70304E-08
460	13	100	2.82964E-08
0	14	100	7.9945E-10
20	14	100	8.08564E-10
40	14	100	1.03152E-09
60	14	100	1.79732E-09
80	14	100	2.99071E-09
100	14	100	4.37217E-09
120	14	100	5.80879E-09
140	14	100	7.24661E-09
160	14	100	8.66709E-09
180	14	100	1.00658E-08
200	14	100	1.14436E-08
220	14	100	1.28026E-08
240	14	100	1.41455E-08
260	14	100	1.54748E-08
280	14	100	1.67924E-08
300	14	100	1.81003E-08
320	14	100	1.93998E-08
340	14	100	2.06922E-08
360	14	100	2.19785E-08
380	14	100	2.32596E-08
400	14	100	2.4536E-08
420	14	100	2.58085E-08
440	14	100	2.70776E-08
460	14	100	2.83436E-08
0	15	100	8.4394E-10
20	15	100	8.53189E-10
40	15	100	1.0776E-09
60	15	100	1.84415E-09
80	15	100	3.03774E-09
100	15	100	4.41927E-09
120	15	100	5.85592E-09
140	15	100	7.29376E-09
160	15	100	8.71425E-09
180	15	100	1.0113E-08
200	15	100	1.14908E-08
220	15	100	1.28498E-08
240	15	100	1.41927E-08
260	15	100	1.55219E-08
280	15	100	1.68396E-08
300	15	100	1.81475E-08
320	15	100	1.9447E-08
340	15	100	2.07394E-08
360	15	100	2.20257E-08
380	15	100	2.33068E-08
400	15	100	2.45832E-08
420	15	100	2.58557E-08
440	15	100	2.71248E-08
460	15	100	2.83908E-08
0	16	100	8.88243E-10
20	16	100	8.97637E-10
40	16	100	1.12361E-09
60	16	100	1.89097E-09
80	16	100	3.08476E-09
100	16	100	4.46636E-09
120	16	100	5.90304E-09
140	16	100	7.3409E-09
160	16	100	8.76141E-09
180	16	100	1.01602E-08
200	16	100	1.15379E-08
220	16	100	1.2897E-08
240	16	100	1.42399E-08
260	16	100	1.55691E-08
280	16	100	1.68867E-08
300	16	100	1.81947E-08
320	16	100	1.94942E-08
340	16	100	2.07866E-08
360	16	100	2.20729E-08
380	16	100	2.3354E-08
400	16	100	2.46304E-08
420	16	100	2.59029E-08
440	16	100	2.7172E-08
460	16	100	2.8438E-08
0	17	100	9.32357E-10
20	17	100	9.41905E-10
40	17	100	1.16953E-09
60	17	100	1.93775E-09
80	17	100	3.13176E-09
100	17	100	4.51344E-09
120	17	100	5.95016E-09
140	17	100	7.38804E-09
160	17	100	8.80856E-09
180	17	100	1.02073E-08
200	17	100	1.15851E-08
220	17	100	1.29441E-08
240	17	100	1.42871E-08
260	17	100	1.56163E-08
280	17	100	1.69339E-08
300	17	100	1.82418E-08
320	17	100	1.95414E-08
340	17	100	2.08338E-08
360	17	100	2.21201E-08
380	17	100	2.34012E-08
400	17	100	2.46776E-08
420	17	100	2.59501E-08
440	17	100	2.72192E-08
460	17	100	2.84852E-08
0	18	100	9.76285E-10
20	18	100	9.85996E-10
40	18	100	1.21538E-09
60	18	100	1.98451E-09
80	18	100	3.17876E-09
100	18	100	4.56052E-09
120	18	100	5.99728E-09
140	18	100	7.43518E-09
160	18	100	8.85571E-09
180	18	100	1.02545E-08
200	18	100	1.16323E-08
220	18	100	1.29913E-08
240	18	100	1.43342E-08
260	18	100	1.56635E-08
280	18	100	1.69811E-08
300	18	100	1.8289E-08
320	18	100	1.95885E-08
340	18	100	2.0881E-08
360	18	100	2.21673E-08
380	18	100	2.34484E-08
400	18	100	2.47248E-08
420	18	100	2.59973E-08
440	18	100	2.72664E-08
460	18	100	2.85324E-08
0	19	100	1.02002E-09
20	19	100	1.02991E-09
40	19	100	1.26116E-09
60	19	100	2.03125E-09
80	19	100	3.22573E-09
100	19	100	4.60758E-09
120	19	100	6.04438E-09
140	19	100	7.48231E-09
160	19	100	8.90285E-09
180	19	100	1.03017E-08
200	19	100	1.16794E-08
220	19	100	1.30385E-08
240	19	100	1.43814E-08
260	19	100	1.57107E-08
280	19	100	1.70283E-08
300	19	100	1.83362E-08
320	19	100	1.96357E-08
340	19	100	2.09282E-08
360	19	100	2.22145E-08
380	19	100	2.34956E-08
400	19	100	2.4772E-08
420	19	100	2.60445E-08
440	19	100	2.73136E-08
460	19	100	2.85796E-08
0	20	100	1.06358E-09
20	20	100	1.07364E-09
40	20	100	1.30685E-09
60	20	100	2.07796E-09
80	20	100	3.2727E-09
100	20	100	4.65464E-09
120	20	100	6.09148E-09
140	20	100	7.52943E-09
160	20	100	8.94999E-09
180	20	100	1.03488E-08
200	20	100	1.17266E-08
220	20	100	1.30856E-08
240	20	100	1.44286E-08
260	20	100	1.57578E-08
280	20	100	1.70755E-08
300	20	100	1.83834E-08
320	20	100	1.96829E-08
340	20	100	2.09753E-08
360	20	100	2.22617E-08
380	20	100	2.35428E-08
400	20	100	2.48192E-08
420	20	100	2.60917E-08
440	20	100	2.73608E-08
460	20	100	2.86268E-08
0	21	100	1.10694E-09
20	21	100	1.1172E-09
40	21	100	1.35247E-09
60	21	100	2.12464E-09
80	21	100	3.31966E-09
100	21	100	4.70169E-09
120	21	100	6.13858E-09
140	21	100	7.57656E-09
160	21	100	8.99713E-09
180	21	100	1.0396E-08
200	21	100	1.17737E-08
220	21	100	1.31328E-08
240	21	100	1.44758E-08
260	21	100	1.5805E-08
280	21	100	1.71226E-08
300	21	100	1.84306E-08
320	21	100	1.97301E-08
340	21	100	2.10225E-08
360	21	100	2.23088E-08
380	21	100	2.359E-08
400	21	100	2.48664E-08
420	21	100	2.61389E-08
440	21	100	2.7408E-08
460	21	100	2.8674E-08
0	22	100	1.15012E-09
20	22	100	1.16057E-09
40	22	100	1.39801E-09
60	22	100	2.1713E-09
80	22	100	3.3666E-09
100	22	100	4.74873E-09
120	22	100	6.18567E-09
140	22	100	7.62367E-09
160	22	100	9.04426E-09
180	22	100	1.04431E-08
200	22	100	1.18209E-08
220	22	100	1.318E-08
240	22	100	1.45229E-08
260	22	100	1.58522E-08
280	22	100	1.71698E-08
300	22	100	1.84777E-08
320	22	100	1.97773E-08
340	22	100	2.10697E-08
360	22	100	2.2356E-08
380	22	100	2.36371E-08
400	22	100	2.49136E-08
420	22	100	2.61861E-08
440	22	100	2.74552E-08
460	22	100	2.87212E-08
0	23	100	1.1931E-09
20	23	100	1.20377E-09
40	23	100	1.44347E-09
60	23	100	2.21793E-09
80	23	100	3.41353E-09
100	23	100	4.79577E-09
120	23	100	6.23275E-09
140	23	100	7.67078E-09
160	23	100	9.09139E-09
180	23	100	1.04902E-08
200	23	100	1.1868E-08
220	23	100	1.32271E-08
240	23	100	1.45701E-08
260	23	100	1.58993E-08
280	23	100	1.7217E-08
300	23	100	1.85249E-08
320	23	100	1.98245E-08
340	23	100	2.11169E-08
360	23	100	2.24032E-08
380	23	100	2.36843E-08
400	23	100	2.49607E-08
420	23	100	2.62333E-08
440	23	100	2.75024E-08
460	23	100	2.87684E-08
0	24	100	1.2359E-09
20	24	100	1.24679E-09
40	24	100	1.48885E-09
60	24	100	2.26453E-09
80	24	100	3.46044E-09
100	24	100	4.8428E-09
120	24	100	6.27983E-09
140	24	100	7.71789E-09
160	24	100	9.13852E-09
180	24	100	1.05374E-08
200	24	100	1.19152E-08
220	24	100	1.32743E-08
240	24	100	1.46173E-08
260	24	100	1.59465E-08
280	24	100	1.72642E-08
300	24	100	1.85721E-08
320	24	100	1.98716E-08
340	24	100	2.11641E-08
360	24	100	2.24504E-08
380	24	100	2.37315E-08
400	24	100	2.50079E-08
420	24	100	2.62804E-08
440	24	100	2.75496E-08
460	24	100	2.88156E-08
0	25	100	1.27852E-09
20	25	100	1.28963E-09
40	25	100	1.53415E-09
60	25	100	2.31111E-09
80	25	100	3.50734E-09
100	25	100	4.88981E-09
120	25	100	6.32691E-09
140	25	100	7.765E-09
160	25	100	9.18564E-09
180	25	100	1.05845E-08
200	25	100	1.19623E-08
220	25	100	1.33214E-08
240	25	100	1.46644E-08
260	25	100	1.59937E-08
280	25	100	1.73113E-08
300	25	100	1.86193E-08
320	25	100	1.99188E-08
340	25	100	2.12112E-08
360	25	100	2.24976E-08
380	25	100	2.37787E-08
400	25	100	2.50551E-08
420	25	100	2.63276E-08
440	25	100	2.75967E-08
460	25	100	2.88628E-08
0	26	100	1.32094E-09
20	26	100	1.33229E-09
40	26	100	1.57938E-09
60	26	100	2.35766E-09
80	26	100	3.55424E-09
100	26	100	4.93682E-09
120	26	100	6.37397E-09
140	26	100	7.81210E-09
160	26	100	9.23276E-09
180	26	100	1.06316E-08
200	26	100	1.20095E-08
220	26	100	1.33686E-08
240	26	100	1.47116E-08
260	26	100	1.60408E-08
280	26	100	1.73585E-08
300	26	100	1.86664E-08
320	26	100	1.99660E-08
340	26	100	2.12584E-08
360	26	100	2.25447E-08
380	26	100	2.38259E-08
400	26	100	2.51023E-08
420	26	100	2.63748E-08
440	26	100	2.76439E-08
460	26	100	2.89099E-08
0	27	100	1.36318E-09
20	27	100	1.37478E-09
40	27	100	1.62453E-09
60	27	100	2.40419E-09
80	27	100	3.60111E-09
100	27	100	4.98383E-09
120	27	100	6.42103E-09
140	27	100	7.85919E-09
160	27	100	9.27988E-09
180	27	100	1.06788E-08
200	27	100	1.20566E-08
220	27	100	1.34157E-08
240	27	100	1.47587E-08
260	27	100	1.60880E-08
280	27	100	1.74057E-08
300	27	100	1.87136E-08
320	27	100	2.00131E-08
340	27	100	2.13056E-08
360	27	100	2.25919E-08
380	27	100	2.38730E-08
400	27	100	2.51495E-08
420	27	100	2.64220E-08
440	27	100	2.76911E-08
460	27	100	2.89571E-08
0	28	100	1.40523E-09
20	28	100	1.41708E-09
40	28	100	1.66960E-09
60	28	100	2.45069E-09
80	28	100	3.64798E-09
100	28	100	5.03082E-09
120	28	100	6.46809E-09
140	28	100	7.90628E-09
160	28	100	9.32699E-09
180	28	100	1.07259E-08
200	28	100	1.21038E-08
220	28	100	1.34629E-08
240	28	100	1.48059E-08
260	28	100	1.61352E-08
280	28	100	1.74528E-08
300	28	100	1.87608E-08
320	28	100	2.00603E-08
340	28	100	2.13528E-08
360	28	100	2.26391E-08
380	28	100	2.39202E-08
400	28	100	2.51966E-08
420	28	100	2.64692E-08
440	28	100	2.77383E-08
460	28	100	2.90043E-08
0	29	100	1.44709E-09
20	29	100	1.45921E-09
40	29	100	1.71459E-09
60	29	100	2.49717E-09
80	29	100	3.69483E-09
100	29	100	5.07781E-09
120	29	100	6.51514E-09
140	29	100	7.95337E-09
160	29	100	9.37410E-09
180	29	100	1.07730E-08
200	29	100	1.21509E-08
220	29	100	1.35100E-08
240	29	100	1.48530E-08
260	29	100	1.61823E-08
280	29	100	1.75000E-08
300	29	100	1.88079E-08
320	29	100	2.01075E-08
340	29	100	2.13999E-08
360	29	100	2.26863E-08
380	29	100	2.39674E-08
400	29	100	2.52438E-08
420	29	100	2.65164E-08
440	29	100	2.77855E-08
460	29	100	2.90515E-08
0	30	100	1.48876E-09
20	30	100	1.50116E-09
40	30	100	1.75951E-09
60	30	100	2.54362E-09
80	30	100	3.74167E-09
100	30	100	5.12479E-09
120	30	100	6.56218E-09
140	30	100	8.00045E-09
160	30	100	9.42120E-09
180	30	100	1.08201E-08
200	30	100	1.21980E-08
220	30	100	1.35572E-08
240	30	100	1.49002E-08
260	30	100	1.62295E-08
280	30	100	1.75471E-08
300	30	100	1.88551E-08
320	30	100	2.01547E-08
340	30	100	2.14471E-08
360	30	100	2.27334E-08
380	30	100	2.40146E-08
400	30	100	2.52910E-08
420	30	100	2.65635E-08
440	30	100	2.78327E-08
460	30	100	2.90987E-08
0	31	100	1.53025E-09
20	31	100	1.54293E-09
40	31	100	1.80435E-09
60	31	100	2.59004E-09
80	31	100	3.78850E-09
100	31	100	5.17176E-09
120	31	100	6.60922E-09
140	31	100	8.04752E-09
160	31	100	9.46830E-09
180	31	100	1.08673E-08
200	31	100	1.22452E-08
220	31	100	1.36043E-08
240	31	100	1.49473E-08
260	31	100	1.62766E-08
280	31	100	1.75943E-08
300	31	100	1.89023E-08
320	31	100	2.02018E-08
340	31	100	2.14943E-08
360	31	100	2.27806E-08
380	31	100	2.40617E-08
400	31	100	2.53382E-08
420	31	100	2.66107E-08
440	31	100	2.78798E-08
460	31	100	2.91459E-08
0	32	100	1.57155E-09
20	32	100	1.58452E-09
40	32	100	1.84911E-09
60	32	100	2.63644E-09
80	32	100	3.83531E-09
100	32	100	5.21872E-09
120	32	100	6.65626E-09
140	32	100	8.09459E-09
160	32	100	9.51540E-09
180	32	100	1.09144E-08
200	32	100	1.22923E-08
220	32	100	1.36514E-08
240	32	100	1.49945E-08
260	32	100	1.63238E-08
280	32	100	1.76414E-08
300	32	100	1.89494E-08
320	32	100	2.02490E-08
340	32	100	2.15414E-08
360	32	100	2.28278E-08
380	32	100	2.41089E-08
400	32	100	2.53854E-08
420	32	100	2.66579E-08
440	32	100	2.79270E-08
460	32	100	2.91930E-08
0	33	100	1.61266E-09
20	33	100	1.62594E-09
40	33	100	1.89379E-09
60	33	100	2.68282E-09
80	33	100	3.88212E-09
100	33	100	5.26568E-09
120	33	100	6.70328E-09
140	33	100	8.14166E-09
160	33	100	9.56249E-09
180	33	100	1.09615E-08
200	33	100	1.23394E-08
220	33	100	1.36986E-08
240	33	100	1.50416E-08
260	33	100	1.63709E-08
280	33	100	1.76886E-08
300	33	100	1.89966E-08
320	33	100	2.02961E-08
340	33	100	2.15886E-08
360	33	100	2.28749E-08
380	33	100	2.41561E-08
400	33	100	2.54325E-08
420	33	100	2.67051E-08
440	33	100	2.79742E-08
460	33	100	2.92402E-08
0	34	100	1.65358E-09
20	34	100	1.66717E-09
40	34	100	1.93839E-09
60	34	100	2.72916E-09
80	34	100	3.92891E-09
100	34	100	5.31262E-09
120	34	100	6.75030E-09
140	34	100	8.18873E-09
160	34	100	9.60958E-09
180	34	100	1.10086E-08
200	34	100	1.23865E-08
220	34	100	1.37457E-08
240	34	100	1.50887E-08
260	34	100	1.64181E-08
280	34	100	1.77358E-08
300	34	100	1.90437E-08
320	34	100	2.03433E-08
340	34	100	2.16358E-08
360	34	100	2.29221E-08
380	34	100	2.42033E-08
400	34	100	2.54797E-08
420	34	100	2.67522E-08
440	34	100	2.80214E-08
460	34	100	2.92874E-08
0	35	100	1.69432E-09
20	35	100	1.70823E-09
40	35	100	1.98292E-09
60	35	100	2.77548E-09
80	35	100	3.97568E-09
100	35	100	5.35956E-09
120	35	100	6.79732E-09
140	35	100	8.23578E-09
160	35	100	9.65667E-09
180	35	100	1.10557E-08
200	35	100	1.24337E-08
220	35	100	1.37928E-08
240	35	100	1.51359E-08
260	35	100	1.64652E-08
280	35	100	1.77829E-08
300	35	100	1.90909E-08
320	35	100	2.03905E-08
340	35	100	2.16829E-08
360	35	100	2.29693E-08
380	35	100	2.42504E-08
400	35	100	2.55269E-08
420	35	100	2.67994E-08
440	35	100	2.80685E-08
460	35	100	2.93346E-08
0	36	100	1.73486E-09
20	36	100	1.74911E-09
40	36	100	2.02737E-09
60	36	100	2.82178E-09
80	36	100	4.02245E-09
100	36	100	5.40649E-09
120	36	100	6.84433E-09
140	36	100	8.28284E-09
160	36	100	9.70375E-09
180	36	100	1.11028E-08
200	36	100	1.24808E-08
220	36	100	1.38400E-08
240	36	100	1.51830E-08
260	36	100	1.65123E-08
280	36	100	1.78301E-08
300	36	100	1.91380E-08
320	36	100	2.04376E-08
340	36	100	2.17301E-08
360	36	100	2.30164E-08
380	36	100	2.42976E-08
400	36	100	2.55740E-08
420	36	100	2.68466E-08
440	36	100	2.81157E-08
460	36	100	2.93817E-08
0	37	100	1.77522E-09
20	37	100	1.78981E-09
40	37	100	2.07174E-09
60	37	100	2.86805E-09
80	37	100	4.06920E-09
100	37	100	5.45342E-09
120	37	100	6.89133E-09
140	37	100	8.32989E-09
160	37	100	9.75083E-09
180	37	100	1.11499E-08
200	37	100	1.25279E-08
220	37	100	1.38871E-08
240	37	100	1.52302E-08
260	37	100	1.65595E-08
280	37	100	1.78772E-08
300	37	100	1.91852E-08
320	37	100	2.04848E-08
340	37	100	2.17772E-08
360	37	100	2.30636E-08
380	37	100	2.43448E-08
400	37	100	2.56212E-08
420	37	100	2.68937E-08
440	37	100	2.81629E-08
460	37	100	2.94289E-08
0	38	100	1.81540E-09
20	38	100	1.83033E-09
40	38	100	2.11603E-09
60	38	100	2.91429E-09
80	38	100	4.11594E-09
100	38	100	5.50033E-09
120	38	100	6.93833E-09
140	38	100	8.37693E-09
160	38	100	9.79791E-09
180	38	100	1.11970E-08
200	38	100	1.25750E-08
220	38	100	1.39342E-08
240	38	100	1.52773E-08
260	38	100	1.66066E-08
280	38	100	1.79243E-08
300	38	100	1.92323E-08
320	38	100	2.05319E-08
340	38	100	2.18244E-08
360	38	100	2.31108E-08
380	38	100	2.43919E-08
400	38	100	2.56684E-08
420	38	100	2.69409E-08
440	38	100	2.82101E-08
460	38	100	2.94761E-08
0	39	100	1.85538E-09
20	39	100	1.87067E-09
40	39	100	2.16024E-09
60	39	100	2.96051E-09
80	39	100	4.16267E-09
100	39	100	5.54724E-09
120	39	100	6.98532E-09
140	39	100	8.42397E-09
160	39	100	9.84498E-09
180	39	100	1.12441E-08
200	39	100	1.26221E-08
220	39	100	1.39813E-08
240	39	100	1.53244E-08
260	39	100	1.66538E-08
280	39	100	1.79715E-08
300	39	100	1.92795E-08
320	39	100	2.05791E-08
340	39	100	2.18716E-08
360	39	100	2.31579E-08
380	39	100	2.44391E-08
400	39	100	2.57155E-08
420	39	100	2.69881E-08
440	39	100	2.82572E-08
460	39	100	2.95233E-08
0	40	100	1.89518E-09
20	40	100	1.91084E-09
40	40	100	2.20438E-09
60	40	100	3.00670E-09
80	40	100	4.20938E-09
100	40	100	5.59414E-09
120	40	100	7.03231E-09
140	40	100	8.47101E-09
160	40	100	9.89205E-09
180	40	100	1.12912E-08
200	40	100	1.26692E-08
220	40	100	1.40284E-08
240	40	100	1.53715E-08
260	40	100	1.67009E-08
280	40	100	1.80186E-08
300	40	100	1.93266E-08
320	40	100	2.06262E-08
340	40	100	2.19187E-08
360	40	100	2.32051E-08
380	40	100	2.44862E-08
400	40	100	2.57627E-08
420	40	100	2.70353E-08
440	40	100	2.83044E-08
460	40	100	2.95704E-08
0	41	100	1.93478E-09
20	41	100	1.95082E-09
40	41	100	2.24844E-09
60	41	100	3.05286E-09
80	41	100	4.25608E-09
100	41	100	5.64103E-09
120	41	100	7.07929E-09
140	41	100	8.51804E-09
160	41	100	9.93911E-09
180	41	100	1.13383E-08
200	41	100	1.27163E-08
220	41	100	1.40756E-08
240	41	100	1.54187E-08
260	41	100	1.67480E-08
280	41	100	1.80658E-08
300	41	100	1.93738E-08
320	41	100	2.06734E-08
340	41	100	2.19659E-08
360	41	100	2.32522E-08
380	41	100	2.45334E-08
400	41	100	2.58099E-08
420	41	100	2.70824E-08
440	41	100	2.83516E-08
460	41	100	2.96176E-08
0	42	100	1.97420E-09
20	42	100	1.99063E-09
40	42	100	2.29242E-09
60	42	100	3.09900E-09
80	42	100	4.30277E-09
100	42	100	5.68792E-09
120	42	100	7.12627E-09
140	42	100	8.56507E-09
160	42	100	9.98617E-09
180	42	100	1.13854E-08
200	42	100	1.27634E-08
220	42	100	1.41227E-08
240	42	100	1.54658E-08
260	42	100	1.67952E-08
280	42	100	1.81129E-08
300	42	100	1.94209E-08
320	42	100	2.07205E-08
340	42	100	2.20130E-08
360	42	100	2.32994E-08
380	42	100	2.45806E-08
400	42	100	2.58570E-08
420	42	100	2.71296E-08
440	42	100	2.83987E-08
460	42	100	2.96648E-08
0	43	100	2.01344E-09
20	43	100	2.03026E-09
40	43	100	2.33632E-09
60	43	100	3.14512E-09
80	43	100	4.34945E-09
100	43	100	5.73479E-09
120	43	100	7.17324E-09
140	43	100	8.61209E-09
160	43	100	1.00332E-08
180	43	100	1.14324E-08
200	43	100	1.28105E-08
220	43	100	1.41698E-08
240	43	100	1.55129E-08
260	43	100	1.68423E-08
280	43	100	1.81600E-08
300	43	100	1.94681E-08
320	43	100	2.07677E-08
340	43	100	2.20602E-08
360	43	100	2.33466E-08
380	43	100	2.46277E-08
400	43	100	2.59042E-08
420	43	100	2.71767E-08
440	43	100	2.84459E-08
460	43	100	2.97119E-08
0	44	100	2.05248E-09
20	44	100	2.06971E-09
40	44	100	2.38015E-09
60	44	100	3.19121E-09
80	44	100	4.39611E-09
100	44	100	5.78166E-09
120	44	100	7.22020E-09
140	44	100	8.65911E-09
160	44	100	1.00803E-08
180	44	100	1.14795E-08
200	44	100	1.28576E-08
220	44	100	1.42169E-08
240	44	100	1.55600E-08
260	44	100	1.68894E-08
280	44	100	1.82072E-08
300	44	100	1.95152E-08
320	44	100	2.08148E-08
340	44	100	2.21073E-08
360	44	100	2.33937E-08
380	44	100	2.46749E-08
400	44	100	2.59513E-08
420	44	100	2.72239E-08
440	44	100	2.84931E-08
460	44	100	2.97591E-08
0	45	100	2.09134E-09
20	45	100	2.10898E-09
40	45	100	2.42389E-09
60	45	100	3.23727E-09
80	45	100	4.44276E-09
100	45	100	5.82852E-09
120	45	100	7.26716E-09
140	45	100	8.70613E-09
160	45	100	1.01273E-08
180	45	100	1.15266E-08
200	45	100	1.29047E-08
220	45	100	1.42640E-08
240	45	100	1.56071E-08
260	45	100	1.69365E-08
280	45	100	1.82543E-08
300	45	100	1.95623E-08
320	45	100	2.08620E-08
340	45	100	2.21545E-08
360	45	100	2.34409E-08
380	45	100	2.47220E-08
400	45	100	2.59985E-08
420	45	100	2.72711E-08
440	45	100	2.85402E-08
460	45	100	2.98063E-08
