%T (K)	r_RRR10	        r_RRR15	        r_RRR16	        r_RRR25	        r_RRR50	        r_RRR100	r_RRR200	r_RRR300
4	63.07054583	94.62732	100.9350711	157.7005419	315.3408431	630.4310934	1259.81728	1888.10679
5	78.77497473	118.2678664	126.1502585	197.0793787	393.9845172	787.2448009	1571.474786	2352.551305
6	94.34088719	141.8875449	151.3416355	236.3989084	472.3831208	943.0449267	1878.944969	2807.414925
7	109.5899182	165.4728882	176.4938386	275.6209198	550.3794225	1097.186897	2179.61382	3246.830796
8	124.2031295	189.0058941	201.5863345	314.6944316	627.7646852	1248.823829	2470.121125	3663.427991
9	137.6704392	212.4635119	226.5928388	353.5543546	704.2744045	1396.899381	2746.413659	4048.625919
10	157.3895285	235.8171864	251.4808044	392.1203922	779.5857943	1540.153572	3003.888853	4393.187989
11	172.9680298	259.0324725	276.2109926	430.29624	853.3174843	1677.14453	3237.637456	4688.017422
12	188.467888	282.0687326	300.7371459	467.9691523	925.0319159	1806.288408	3442.77832	4925.111404
13	203.8682167	304.8789361	325.0057822	505.0099502	994.240884	1925.918273	3614.857908	5098.523772
14	219.1451068	327.4095785	348.9561343	541.2735503	1060.414564	2034.360576	3750.266433	5205.149555
15	234.2715736	349.6007407	372.5202569	576.6000837	1122.994167	2130.025109	3846.608529	5245.160938
16	249.2175548	371.3863074	395.6233256	610.8166654	1181.408107	2211.501559	3902.965682	5221.99769
17	263.949965	392.6943638	418.1841472	643.7398519	1235.091204	2277.653521	3920.003257	5141.922943
18	278.4328155	413.4477853	440.115901	675.178797	1283.50611	2327.699761	3899.904029	5013.257245
19	292.6274033	433.5650348	461.3271211	704.9390779	1326.165782	2361.273112	3846.144213	4845.463287
20	306.4925794	452.9611714	481.7229278	732.8271247	1362.65556	2378.449796	3763.156745	4648.256054
21	319.9850995	471.5490754	501.2065036	758.6551392	1392.653262	2379.745725	3655.941898	4430.869193
22	333.0600636	489.2408792	519.6808016	782.2463451	1415.94573	2366.080793	3529.684847	4201.543787
23	345.6714458	505.9495883	537.0504593	803.4403648	1432.44047	2338.71634	3389.426602	3967.245635
24	357.7727156	521.5908616	553.2238767	822.0984846	1442.171402	2299.173953	3239.815322	3733.57638
25	369.3175443	536.0849066	568.1154014	838.1085416	1445.298231	2249.145221	3084.945709	3504.825318
26	380.2605877	549.3584337	581.6475482	851.389161	1442.09953	2190.401776	2928.279463	3284.107714
27	390.5583302	561.3465969	593.7531659	861.8930886	1432.960183	2124.713373	2772.631169	3073.544515
28	400.1699684	571.9948424	604.3774563	869.6093987	1418.354295	2053.779388	2620.200933	2874.451037
29	409.0583078	581.2605803	613.4797481	874.5644228	1398.825001	1979.176537	2472.636088	2687.514346
30	417.1906427	589.1145941	621.0349293	876.8213235	1374.962738	1902.323335	2331.10735	2512.948718
31	424.5395833	595.5421132	627.0344587	876.4783253	1347.383518	1824.460035	2196.388704	2350.625278
32	431.0837982	600.5434841	631.4868922	873.6657068	1316.708514	1746.641722	2068.93392	2200.176099
33	436.8086355	604.1343985	634.4178873	868.5417379	1283.546013	1669.741677	1948.945588	2061.075252
34	441.7065948	606.3456599	635.86968	861.2878081	1248.476406	1594.462142	1836.434783	1932.700267
35	445.7776249	607.2224942	635.9000552	852.1030319	1212.040553	1521.349826	1731.270953	1814.377574
36	449.0292311	606.8234386	634.5808638	841.1986288	1174.731554	1450.813987	1633.222524	1705.415283
37	451.4763847	605.2188648	631.9961639	828.7923621	1136.989707	1383.145365	1541.98919	1605.126155
38	453.1412371	602.4892096	628.2400795	815.1032885	1099.200271	1318.534763	1457.227086	1512.843163
39	454.0526508	598.7230013	623.4144815	800.3470184	1061.69356	1257.090451	1378.568005	1427.929524
40	454.2455675	594.0147729	617.6265997	784.7316333	1024.746859	1198.853922	1305.633788	1349.784688
41	453.7602425	588.4629533	610.986665	768.4543419	988.5876648	1143.813765	1238.046855	1277.847437
42	452.6413767	582.1678209	603.605673	751.6989085	953.3978172	1091.917621	1175.437702	1211.596935
43	450.9371846	575.2295905	595.5933413	734.6338331	919.3181279	1043.082278	1117.450053	1150.552378
44	448.6984328	567.7466906	587.0563157	717.4112326	886.4532139	997.2020691	1063.744232	1094.271712
45	445.977485	559.8142717	578.0966591	700.1663415	854.8762946	954.1557296	1013.999176	1042.349766
46	442.8273847	551.5229682	568.8106401	683.0175396	824.6337846	913.8119331	967.9134673	994.4160353
47	439.3010021	542.9579233	559.2878196	666.0668063	795.7495709	876.0336826	925.2056252	950.1323057
48	435.4502653	534.198071	549.610423	649.4005026	768.2289057	840.6817434	885.6138918	909.1902203
49	431.3254911	525.3156607	539.8529722	633.0903909	742.0618828	807.61728	848.8956548	871.3088849
50	426.9748238	516.3760002	530.0821479	617.1948099	717.226493	776.7038395	814.8266347	836.2325588
51	422.4437842	507.4373906	520.3568462	601.7599359	693.6912698	747.808806	783.1999233	803.728466
52	417.7749284	498.5512202	510.7283948	586.8210751	671.4175517	720.8044307	753.8249403	773.5847447
53	413.0076091	489.7621901	501.2408931	572.4039411	650.3613931	695.5685246	726.5263561	745.6085448
54	408.177832	481.108638	491.9316429	558.5258851	630.4751594	671.9848879	701.1430144	719.6242745
55	403.3181961	472.6229354	482.8316433	545.1970555	611.7088436	649.9435337	677.5268794	695.4719929
56	398.4579065	464.3319338	473.9661207	532.4214714	594.01114	629.3407568	655.5420234	673.0059428
57	393.6228473	456.2574376	465.355077	520.1980016	577.3303086	610.0790831	635.0636638	652.0932165
58	388.8357027	448.416688	457.013835	508.5212454	561.6148619	592.0671346	615.977258	632.6125441
59	384.1161161	440.8228433	448.9535721	497.3823156	546.8141004	575.2194306	598.1776562	614.4531974
60	379.4808748	433.4854455	441.1818282	486.7695286	532.8785235	559.4561481	581.5683154	597.5139972
61	374.9441143	426.4108639	433.7029842	476.6690045	519.7601354	544.7028537	566.0605715	581.7024185
62	370.5175316	419.6027125	426.5187055	467.0651859	507.4126655	530.8902201	551.5729692	566.933781
63	366.2106027	413.0622354	419.6283472	457.9412815	495.7917191	517.9537356	538.0306453	553.1305205
64	362.0307985	406.7886599	413.0293224	449.2796426	484.8548717	505.8334134	525.3647647	540.2215312
65	357.9837952	400.7795162	406.7174313	441.062079	474.5617176	494.4735054	513.5120027	528.1415724
66	354.0736753	395.0309241	400.6871546	433.2701223	464.8738839	483.8222242	502.4140734	516.8307338
67	350.3031185	389.5378485	394.9319124	425.885243	455.7550156	473.8314756	492.0172982	506.2339538
68	346.673579	384.2943243	389.44429	418.8890271	447.1707402	464.4566037	482.2722129	496.3005837
69	343.1854502	379.2936536	384.2162345	412.263318	439.0886154	455.6561483	473.133209	486.9839956
70	339.8382154	374.5285777	379.2392245	405.9903292	431.4780664	447.3916173	464.5582076	478.2412273
71	336.6305841	369.9914247	374.5044145	400.0527316	424.3103133	439.627272	456.5083621	470.032662
72	333.5606159	365.6742366	370.0027584	394.4337192	417.5582945	432.3299261	448.9477866	462.3217387
73	330.6258308	361.568877	365.725113	389.1170576	411.1965858	425.4687587	441.8433101	455.0746896
74	327.8233071	357.6671227	361.6623244	384.087117	405.2013193	419.0151394	435.1642512	448.2603029
75	325.1497687	353.9607393	357.8052997	379.3288933	399.5501007	412.9424662	428.8822131	441.8497075
76	322.601661	350.4415448	354.1450651	374.8280193	394.2219291	407.2260149	422.9708975	435.8161777
77	320.1752179	347.101461	350.6728136	370.5707669	389.1971174	401.8427995	417.4059339	430.1349559
78	317.8665191	343.9325557	347.3799415	366.5440438	384.4572161	396.7714431	412.1647245	424.7830918
79	315.6715401	340.9270757	344.2580785	362.735384	379.9849388	391.9920582	407.2263023	419.7392953
80	313.5861953	338.0774732	341.2991087	359.1329346	375.7640918	387.4861362	402.5712018	414.9838037
81	311.6063736	335.3764251	338.4951869	355.7254399	371.7795064	383.2364454	398.1813403	410.4982599
82	309.7279698	332.8168478	335.8387493	352.5022222	368.0169744	379.2269367	394.0399105	406.2656013
83	307.9469098	330.391907	333.3225201	349.4531615	364.4631879	375.4426562	390.131281	402.2699592
84	306.2591719	328.0950239	330.9395148	346.5686745	361.1056809	371.8696651	386.4409056	398.4965657
85	304.6608046	325.9198784	328.6830398	343.8396917	357.9327759	368.4949656	382.9552411	394.9316699
86	303.1479403	323.8604092	326.5466906	341.2576354	354.9335326	365.3064318	379.6616702	391.5624596
87	301.7168068	321.9108128	324.5243475	338.8143967	352.0976998	362.2927471	376.5484329	388.3769913
88	300.3637356	320.0655393	322.6101699	336.5023135	349.4156708	359.4433453	373.6045615	385.3641247
89	299.085169	318.3192886	320.7985896	334.314148	346.8784409	356.7483571	370.8198224	382.513463
90	297.8776639	316.6670037	319.0843029	332.2430657	344.4775685	354.19856	368.1846621	379.8152988
91	296.7378959	315.1038644	317.4622623	330.2826142	342.2051376	351.7853322	365.6901571	377.260563
92	295.6626604	313.6252802	315.9276674	328.4267029	340.053724	349.5006104	363.3279686	374.8407789
93	294.6488733	312.2268821	314.4759558	326.6695837	338.0163627	347.3368504	361.0903004	372.5480198
94	293.6935713	310.9045152	313.1027937	325.0058325	336.0865178	345.2869906	358.9698597	370.3748694
95	292.79391	309.6542295	311.8040663	323.4303308	334.2580549	343.3444186	356.9598219	368.3143858
96	291.9471629	308.4722727	310.5758685	321.9382493	332.5252144	341.50294	355.0537975	366.3600682
97	291.150719	307.355081	309.4144955	320.5250312	330.8825874	339.7567498	353.2458012	364.5058261
98	290.4020801	306.2992714	308.3164338	319.1863768	329.325093	338.1004053	351.5302246	362.7459509
99	289.6988581	305.3016333	307.2783519	317.9182292	327.8479569	336.5288021	349.9018095	361.0750895
100	289.0387715	304.3591206	306.2970916	316.7167598	326.4466916	335.0371507	348.3556242	359.4882202
101	288.4196424	303.4688441	305.3696598	315.5783559	325.1170782	333.6209556	346.8870415	357.98063
102	287.839393	302.6280639	304.4932204	314.4996077	323.8551488	332.2759954	345.4917176	356.5478943
103	287.2960417	301.834182	303.6650858	313.4772967	322.6571709	330.9983048	344.1655735	355.1858567
104	286.7877002	301.0847355	302.88271	312.5083847	321.519632	329.7841577	342.9047772	353.8906121
105	286.312569	300.3773897	302.143681	311.5900035	320.4392259	328.6300512	341.7057272	352.6584897
106	285.8689348	299.7099316	301.445714	310.7194447	319.4128397	327.5326913	340.5650376	351.4860374
107	285.455166	299.0802638	300.7866446	309.8941506	318.4375415	326.4889792	339.4795238	350.3700081
108	285.06971	298.4863984	300.1644227	309.1117053	317.5105693	325.4959988	338.4461894	349.3073459
109	284.7110896	297.9264516	299.5771064	308.369827	316.6293199	324.5510049	337.4622141	348.295174
110	284.3778993	297.398638	299.022856	307.6663594	315.7913399	323.6514122	336.5249425	347.3307833
111	284.0688026	296.9012655	298.4999291	306.9992652	314.9943156	322.7947853	335.6318735	346.4116217
112	283.7825285	296.4327307	298.0066748	306.3666188	314.2360647	321.9788293	334.7806502	345.5352842
113	283.5178686	295.9915137	297.5415293	305.7665999	313.5145287	321.2013808	333.9690516	344.6995036
114	283.2736743	295.5761741	297.1030109	305.1974876	312.8277646	320.4603998	333.1949831	343.9021417
115	283.0488539	295.1853467	296.6897159	304.6576545	312.1739385	319.7539621	332.4564694	343.1411819
116	282.8423696	294.8177375	296.300314	304.1455615	311.5513186	319.080252	331.7516469	342.414721
117	282.6532356	294.4721198	295.9335448	303.6597526	310.9582694	318.4375558	331.0787566	341.7209627
118	282.4805148	294.1473308	295.5882136	303.1988503	310.3932457	317.8242556	330.4361379	341.0582109
119	282.3233171	293.8422679	295.2631884	302.7615511	309.8547873	317.2388232	329.8222228	340.4248637
120	282.1807967	293.555886	294.9573958	302.3466212	309.3415142	316.6798153	329.2355298	339.8194077
121	282.0521501	293.287194	294.6698186	301.9528926	308.8521214	316.1458677	328.6746592	339.2404124
122	281.936614	293.035252	294.3994924	301.5792596	308.3853749	315.6356909	328.1382878	338.686526
123	281.8334632	292.7991687	294.1455027	301.224675	307.9401072	315.148066	327.6251649	338.1564698
124	281.742009	292.578099	293.9069825	300.888147	307.5152141	314.6818398	327.1341072	337.6490346
125	281.6615971	292.3712409	293.6831094	300.5687359	307.1096501	314.2359216	326.6639957	337.1630765
126	281.591606	292.1778339	293.4731035	300.2655516	306.7224257	313.8092794	326.2137713	336.6975126
127	281.5314453	291.9971566	293.2762253	299.9777504	306.3526042	313.4009362	325.7824317	336.2513181
128	281.4805544	291.8285244	293.0917728	299.7045329	305.9992982	313.009967	325.3690279	335.8235226
129	281.4384006	291.6712877	292.9190806	299.445141	305.6616673	312.6354961	324.9726611	335.413207
130	281.404478	291.5248302	292.7575168	299.1988561	305.3389151	312.2766937	324.5924803	335.0195007
131	281.3783063	291.388567	292.6064822	298.9649969	305.0302869	311.932774	324.2276787	334.6415786
132	281.359429	291.261943	292.4654081	298.7429169	304.7350675	311.6029919	323.8774922	334.278659
133	281.3474128	291.1444313	292.3337546	298.5320033	304.4525785	311.2866414	323.541196	333.9300005
134	281.3418459	291.0355318	292.2110095	298.3316743	304.182177	310.9830531	323.2181034	333.5949003
135	281.3423375	290.9347697	292.0966863	298.1413782	303.9232529	310.6915921	322.9075627	333.2726918
136	281.3485162	290.8416941	291.9903233	297.9605912	303.6752276	310.4116564	322.6089561	332.9627425
137	281.3600293	290.7558773	291.8914824	297.7888164	303.4375521	310.1426747	322.3216973	332.6644525
138	281.376542	290.6769128	291.7997473	297.625582	303.2097054	309.8841049	322.0452298	332.3772522
139	281.3977363	290.6044147	291.7147228	297.47044	302.991193	309.6354326	321.7790255	332.100601
140	281.42331	290.5380167	291.6360337	297.3229651	302.7815454	309.3961693	321.5225832	331.8339858
141	281.4529763	290.4773708	291.5633236	297.1827535	302.5803167	309.1658513	321.2754267	331.5769192
142	281.486463	290.4221465	291.496254	297.0494217	302.3870838	308.9440383	321.0371039	331.3289382
143	281.5235114	290.3720299	291.4345035	296.9226053	302.2014444	308.7303121	320.8071852	331.0896029
144	281.563876	290.3267228	291.3777668	296.8019583	302.0230167	308.5242752	320.5852628	330.8584956
145	281.6073236	290.2859422	291.3257537	296.6871519	301.8514378	308.3255501	320.3709486	330.6352191
146	281.6536329	290.249419	291.2781889	296.5778736	301.6863627	308.133778	320.1638743	330.419396
147	281.7025939	290.2168977	291.2348105	296.4738267	301.5274637	307.9486179	319.9636895	330.2106673
148	281.754007	290.1881355	291.1953698	296.374729	301.3744293	307.7697456	319.7700611	330.0086918
149	281.807683	290.162902	291.1596308	296.2803125	301.2269633	307.5968528	319.5826723	329.813145
150	281.8634422	290.140978	291.1273689	296.1903223	301.0847842	307.4296464	319.4012219	329.6237183
151	281.9211141	290.1221555	291.0983709	296.1045162	300.9476241	307.2678476	319.2254233	329.440118
152	281.980537	290.1062368	291.0724342	296.0226638	300.8152285	307.1111913	319.0550039	329.2620648
153	282.0415573	290.0930341	291.0493665	295.9445464	300.6873551	306.9594252	318.8897043	329.0892927
154	282.1040294	290.0823691	291.0289847	295.8699557	300.5637735	306.8123091	318.7292777	328.9215488
155	282.1678153	290.0740723	291.0111152	295.7986938	300.4442645	306.6696148	318.5734891	328.7585923
156	282.232784	290.0679827	290.995593	295.7305726	300.3286197	306.5311248	318.4221149	328.6001937
157	282.2988112	290.0639476	290.9822612	295.6654131	300.2166405	306.3966323	318.2749421	328.4461349
158	282.3657793	290.0618216	290.9709708	295.6030452	300.1081381	306.2659401	318.1317679	328.2962079
159	282.4335766	290.0614668	290.9615804	295.5433071	300.0029329	306.1388608	317.9923994	328.1502147
160	282.5020973	290.0627523	290.9539554	295.4860449	299.9008537	306.0152159	317.8566527	328.0079668
161	282.5712414	290.0655537	290.9479683	295.4311122	299.8017378	305.8948353	317.7243527	327.8692846
162	282.6409138	290.0697528	290.9434978	295.3783698	299.7054302	305.777557	317.5953324	327.7339969
163	282.7110247	290.0752376	290.9404286	295.3276855	299.6117832	305.6632269	317.4694331	327.6019406
164	282.781489	290.0819016	290.9386513	295.2789333	299.5206565	305.5516981	317.3465032	327.4729604
165	282.8522261	290.0896437	290.9380622	295.2319935	299.4319163	305.4428305	317.2263984	327.3469081
166	282.9231599	290.0983679	290.9385626	295.1867522	299.3454352	305.3364909	317.1089814	327.2236427
167	282.9942182	290.1079834	290.9400588	295.1431013	299.261092	305.2325523	316.9941209	327.1030297
168	283.0653331	290.1184036	290.942462	295.1009376	299.1787712	305.1308935	316.8816922	326.9849408
169	283.1364399	290.1295466	290.9456879	295.0601634	299.0983629	305.0313994	316.7715761	326.8692537
170	283.2074779	290.1413348	290.9496564	295.0206856	299.0197623	304.93396	316.6636592	326.755852
171	283.2783897	290.1536944	290.9542915	294.9824155	298.9428698	304.8384706	316.5578332	326.6446244
172	283.349121	290.1665555	290.9595213	294.945269	298.8675903	304.7448314	316.4539951	326.5354651
173	283.4196206	290.1798519	290.9652773	294.9091662	298.7938334	304.6529472	316.3520463	326.428273
174	283.4898403	290.1935207	290.971495	294.874031	298.721513	304.5627274	316.2518933	326.3229517
175	283.5597347	290.2075025	290.9781127	294.839791	298.650547	304.4740856	316.1534465	326.2194093
176	283.6292609	290.2217409	290.9850723	294.8063776	298.5808574	304.3869393	316.0566206	326.1175582
177	283.6983786	290.2361825	290.9923186	294.7737255	298.5123698	304.3012102	315.9613345	326.0173148
178	283.76705	290.250777	290.9997995	294.7417725	298.4450132	304.2168233	315.8675104	325.9185993
179	283.8352394	290.2654763	291.0074654	294.7104598	298.3787203	304.1337073	315.7750744	325.8213357
180	283.9029135	290.2802354	291.0152695	294.6797314	298.3134268	304.0517943	315.6839561	325.7254514
181	283.9700407	290.2950114	291.0231674	294.6495341	298.2490716	303.9710194	315.5940881	325.6308773
182	284.0365919	290.309764	291.0311173	294.6198174	298.1855964	303.8913207	315.5054063	325.5375472
183	284.1025393	290.324455	291.0390795	294.5905333	298.1229457	303.8126395	315.4178495	325.4453983
184	284.1678574	290.3390483	291.0470165	294.5616363	298.0610669	303.7349196	315.3313593	325.3543704
185	284.232522	290.3535099	291.054893	294.5330833	297.9999095	303.6581075	315.2458801	325.2644062
186	284.2965108	290.3678077	291.0626755	294.5048332	297.9394259	303.5821522	315.1613588	325.1754512
187	284.3598028	290.3819114	291.0703324	294.4768472	297.8795705	303.5070051	315.0777448	325.087453
188	284.4223787	290.3957926	291.077834	294.4490884	297.8203	303.4326199	314.9949897	325.000362
189	284.4842204	290.4094244	291.0851523	294.4215218	297.7615731	303.3589524	314.9130476	324.9141307
190	284.5453112	290.4227815	291.0922608	294.3941145	297.7033507	303.2859606	314.8318745	324.8287139
191	284.6056358	290.4358402	291.0991347	294.3668349	297.6455955	303.2136044	314.7514286	324.7440683
192	284.6651798	290.4485782	291.1057505	294.3396534	297.5882719	303.1418457	314.67167	324.6601528
193	284.7239301	290.4609746	291.1120862	294.3125418	297.5313463	303.070648	314.5925605	324.5769281
194	284.7818749	290.4730098	291.1181212	294.2854735	297.4747865	302.9999767	314.5140639	324.4943567
195	284.8390029	290.4846655	291.1238362	294.2584234	297.4185622	302.9297988	314.4361456	324.412403
196	284.8953044	290.4959244	291.1292128	294.2313676	297.3626442	302.8600829	314.3587726	324.3310328
197	284.9507702	290.5067704	291.1342342	294.2042837	297.3070051	302.790799	314.2819134	324.2502137
198	285.005392	290.5171887	291.1388845	294.1771504	297.2516187	302.7219187	314.2055382	324.1699148
199	285.0591627	290.5271653	291.1431487	294.1499476	297.1964602	302.6534148	314.1296184	324.0901064
200	285.1120757	290.5366872	291.147013	294.1226565	297.141506	302.5852615	314.0541267	324.0107605
201	285.1641251	290.5457424	291.1504645	294.0952592	297.0867337	302.5174343	313.9790372	323.9318503
202	285.2153059	290.5543197	291.1534913	294.0677389	297.0321221	302.4499098	313.9043253	323.8533501
203	285.2656139	290.5624089	291.1560822	294.0400798	296.9776509	302.3826656	313.8299674	323.7752356
204	285.3150451	290.5700003	291.1582268	294.012267	296.9233012	302.3156808	313.7559411	323.6974837
205	285.3635966	290.5770853	291.1599157	293.9842865	296.8690547	302.2489352	313.6822251	323.6200721
206	285.4112659	290.5836559	291.1611401	293.9561253	296.8148944	302.1824096	313.6087991	323.54298
207	285.4580509	290.5897047	291.1618919	293.927771	296.7608039	302.1160859	313.5356438	323.4661871
208	285.5039503	290.595225	291.1621638	293.8992121	296.706768	302.0499469	313.4627408	323.3896745
209	285.5489631	290.6002109	291.1619489	293.8704378	296.652772	301.9839761	313.3900726	323.313424
210	285.5930888	290.6046569	291.1612412	293.841438	296.5988021	301.9181579	313.3176225	323.2374182
211	285.6363276	290.608558	291.1600351	293.8122033	296.5448454	301.8524777	313.2453748	323.1616407
212	285.6786797	290.6119101	291.1583256	293.7827249	296.4908895	301.7869214	313.1733144	323.0860759
213	285.720146	290.6147091	291.1561082	293.7529948	296.4369229	301.7214757	313.1014269	323.0107089
214	285.7607278	290.6169518	291.153379	293.7230052	296.3829346	301.6561279	313.0296989	322.9355255
215	285.8004265	290.6186353	291.1501344	293.6927492	296.3289142	301.5908662	312.9581174	322.8605123
216	285.8392441	290.6197572	291.1463715	293.6622203	296.2748521	301.5256792	312.8866702	322.7856564
217	285.8771827	290.6203154	291.1420875	293.6314125	296.2207391	301.4605563	312.8153456	322.7109459
218	285.914245	290.6203084	291.1372804	293.6003204	296.1665666	301.3954871	312.7441327	322.636369
219	285.9504338	290.6197347	291.1319482	293.5689388	296.1123265	301.3304623	312.6730208	322.561915
220	285.9857521	290.6185936	291.1260895	293.5372631	296.0580112	301.2654726	312.6020003	322.4875734
221	286.0202032	290.6168845	291.1197033	293.5052893	296.0036136	301.2005095	312.5310615	322.4133343
222	286.0537908	290.6146072	291.1127887	293.4730134	295.949127	301.1355651	312.4601957	322.3391885
223	286.0865186	290.6117617	291.1053454	293.440432	295.8945452	301.0706315	312.3893944	322.265127
224	286.1183906	290.6083483	291.0973731	293.4075421	295.8398624	301.0057017	312.3186497	322.1911416
225	286.1494111	290.6043677	291.0888719	293.374341	295.7850732	300.9407688	312.247954	322.1172242
226	286.1795845	290.5998208	291.0798424	293.3408262	295.7301725	300.8758265	312.1773002	322.0433674
227	286.2089153	290.5947087	291.0702851	293.3069957	295.6751556	300.8108687	312.1066815	321.9695641
228	286.2374083	290.5890327	291.0602008	293.2728476	295.6200181	300.74589	312.0360917	321.8958075
229	286.2650683	290.5827945	291.0495909	293.2383805	295.5647562	300.6808849	311.9655248	321.8220914
230	286.2919005	290.5759958	291.0384564	293.2035931	295.5093659	300.6158485	311.894975	321.7484098
231	286.3179099	290.5686385	291.0267991	293.1684843	295.453844	300.5507763	311.8244372	321.674757
232	286.3431018	290.5607249	291.0146205	293.1330535	295.3981872	300.4856638	311.7539063	321.6011278
233	286.3674816	290.5522573	291.0019227	293.0973	295.3423928	300.4205071	311.6833777	321.5275171
234	286.391055	290.5432381	290.9887077	293.0612236	295.286458	300.3553023	311.6128469	321.4539203
235	286.4138273	290.53367	290.9749777	293.0248242	295.2303806	300.290046	311.5423098	321.3803329
236	286.4358045	290.5235558	290.9607352	292.9881017	295.1741585	300.2247349	311.4717627	321.3067508
237	286.4569921	290.5128985	290.9459826	292.9510566	295.1177896	300.1593661	311.4012018	321.2331702
238	286.4773962	290.501701	290.9307226	292.9136891	295.0612723	300.0939366	311.3306238	321.1595874
239	286.4970225	290.4899666	290.914958	292.876	295.0046052	300.0284441	311.2600256	321.085999
240	286.5158772	290.4776985	290.8986917	292.8379899	294.9477868	299.9628861	311.1894042	321.0124019
241	286.5339662	290.4649001	290.8819268	292.7996598	294.8908161	299.8972604	311.118757	320.938793
242	286.5512956	290.4515749	290.8646663	292.7610107	294.8336922	299.8315652	311.0480815	320.8651697
243	286.5678717	290.4377265	290.8469135	292.7220437	294.7764142	299.7657986	310.9773753	320.7915295
244	286.5837005	290.4233585	290.8286716	292.6827603	294.7189815	299.6999591	310.9066364	320.7178699
245	286.5987883	290.4084746	290.8099441	292.6431617	294.6613937	299.6340451	310.8358627	320.6441888
246	286.6131414	290.3930788	290.7907345	292.6032496	294.6036504	299.5680554	310.7650524	320.5704842
247	286.626766	290.3771748	290.7710463	292.5630255	294.5457514	299.5019888	310.694204	320.4967543
248	286.6396684	290.3607665	290.750883	292.5224912	294.4876966	299.4358444	310.6233159	320.4229973
249	286.6518549	290.3438581	290.7302485	292.4816486	294.429486	299.3696213	310.5523868	320.3492117
250	286.663332	290.3264535	290.7091463	292.4404994	294.37112	299.3033188	310.4814155	320.2753962
251	286.6741059	290.3085568	290.6875803	292.3990457	294.3125986	299.2369362	310.410401	320.2015495
252	286.684183	290.2901721	290.6655543	292.3572896	294.2539223	299.170473	310.3393422	320.1276705
253	286.6935696	290.2713037	290.6430721	292.3152333	294.1950915	299.1039289	310.2682384	320.0537581
254	286.7022721	290.2519557	290.6201378	292.2728788	294.1361069	299.0373036	310.1970889	319.9798115
255	286.7102969	290.2321324	290.5967552	292.2302285	294.076969	298.9705969	310.1258929	319.9058299
256	286.7176503	290.211838	290.5729284	292.1872848	294.0176787	298.9038087	310.0546501	319.8318126
257	286.7243387	290.1910769	290.5486612	292.1440499	293.9582366	298.8369391	309.98336	319.7577591
258	286.7303684	290.1698533	290.5239579	292.1005264	293.8986437	298.7699881	309.9120223	319.6836689
259	286.7357457	290.1481717	290.4988224	292.0567166	293.838901	298.7029558	309.8406367	319.6095416
260	286.740477	290.1260362	290.4732587	292.0126232	293.7790095	298.6358426	309.7692032	319.535377
261	286.7445685	290.1034514	290.4472711	291.9682487	293.7189702	298.5686488	309.6977216	319.4611747
262	286.7480265	290.0804215	290.4208636	291.9235957	293.6587843	298.5013747	309.626192	319.3869348
263	286.7508573	290.056951	290.3940404	291.8786668	293.5984531	298.4340208	309.5546144	319.3126571
264	286.7530671	290.0330442	290.3668054	291.8334646	293.5379776	298.3665877	309.482989	319.2383416
265	286.7546621	290.0087056	290.339163	291.7879919	293.4773593	298.2990758	309.411316	319.1639885
266	286.7556486	289.9839394	290.3111172	291.7422514	293.4165995	298.2314859	309.3395957	319.0895979
267	286.7560326	289.9587501	290.2826722	291.6962458	293.3556996	298.1638187	309.2678284	319.01517
268	286.7558203	289.9331421	290.2538321	291.6499779	293.2946609	298.0960747	309.1960145	318.940705
269	286.7550178	289.9071198	290.224601	291.6034505	293.233485	298.0282549	309.1241544	318.8662034
270	286.7536312	289.8806874	290.1949831	291.5566662	293.1721733	297.9603601	309.0522486	318.7916654
271	286.7516665	289.8538495	290.1649826	291.509628	293.1107274	297.8923911	308.9802977	318.7170915
272	286.7491297	289.8266103	290.1346034	291.4623387	293.0491488	297.8243488	308.9083022	318.6424821
273	286.7460268	289.7989741	290.1038499	291.4148011	292.9874391	297.7562342	308.8362627	318.5678378
274	286.7423638	289.7709453	290.072726	291.3670179	292.9255999	297.6880482	308.7641799	318.4931591
275	286.7381465	289.7425283	290.0412358	291.3189922	292.8636328	297.6197918	308.6920545	318.4184466
276	286.7333808	289.7137272	290.0093835	291.2707266	292.8015396	297.5514661	308.6198873	318.343701
277	286.7280725	289.6845465	289.9771731	291.222224	292.7393218	297.4830722	308.5476788	318.2689228
278	286.7222274	289.6549902	289.9446086	291.1734874	292.6769811	297.414611	308.4754301	318.1941129
279	286.7158514	289.6250628	289.9116941	291.1245195	292.6145193	297.3460838	308.4031418	318.1192718
280	286.7089499	289.5947684	289.8784337	291.0753232	292.551938	297.2774916	308.3308149	318.0444004
281	286.7015289	289.5641112	289.8448312	291.0259013	292.489239	297.2088356	308.2584501	317.9694995
282	286.6935938	289.5330953	289.8108907	290.9762567	292.4264241	297.140117	308.1860484	317.8945698
283	286.6851504	289.5017251	289.7766162	290.9263922	292.3634949	297.071337	308.1136106	317.8196121
284	286.676204	289.4700045	289.7420116	290.8763107	292.3004533	297.0024967	308.0411378	317.7446274
285	286.6667603	289.4379377	289.7070808	290.8260149	292.237301	296.9335974	307.9686308	317.6696165
286	286.6568247	289.4055289	289.6718277	290.7755077	292.1740398	296.8646404	307.8960907	317.5945802
287	286.6464026	289.3727819	289.6362562	290.7247919	292.1106714	296.7956267	307.8235184	317.5195195
288	286.6354994	289.339701	289.6003702	290.6738703	292.0471977	296.7265578	307.7509148	317.4444353
289	286.6241204	289.30629	289.5641734	290.6227456	291.9836204	296.6574349	307.6782811	317.3693286
290	286.612271	289.272553	289.5276696	290.5714207	291.9199413	296.5882592	307.6056182	317.2942002
291	286.5999564	289.238494	289.4908628	290.5198983	291.8561622	296.519032	307.5329272	317.2190512
292	286.5871817	289.2041168	289.4537565	290.4681812	291.7922848	296.4497547	307.4602091	317.1438824
293	286.5739523	289.1694253	289.4163546	290.416272	291.728311	296.3804284	307.3874649	317.068695
294	286.5602731	289.1344235	289.3786606	290.3641736	291.6642426	296.3110545	307.3146957	316.9934898
295	286.5461492	289.0991152	289.3406784	290.3118886	291.6000812	296.2416343	307.2419026	316.9182679
296	286.5315858	289.0635042	289.3024116	290.2594197	291.5358288	296.1721691	307.1690866	316.8430303
297	286.5165877	289.0275942	289.2638637	290.2067697	291.471487	296.1026601	307.0962489	316.767778
298	286.5011599	288.991389	289.2250383	290.1539411	291.4070577	296.0331088	307.0233905	316.692512
299	286.4853074	288.9548924	289.1859391	290.1009366	291.3425426	295.9635163	306.9505124	316.6172333
300	286.469035	288.918108	289.1465696	290.0477588	291.2779434	295.893884	306.8776158	316.541943
